## shape parameters
a <- c( 3, 5,12,15,30,20,28,40, 9)
b <- c( 8,12,35,35,40,20,24,15, 3)
